{"eps_a_1": [-6.0, -5.775510204081633, -5.551020408163265, -5.326530612244898, -5.1020408163265305, -4.877551020408164, -4.653061224489796, -4.428571428571429, -4.204081632653061, -3.979591836734694, -3.7551020408163267, -3.5306122448979593, -3.306122448979592, -3.0816326530612246, -2.857142857142857, -2.63265306122449, -2.4081632653061225, -2.183673469387755, -1.9591836734693882, -1.7346938775510203, -1.5102040816326534, -1.2857142857142856, -1.0612244897959187, -0.8367346938775508, -0.6122448979591839, -0.3877551020408161, -0.16326530612244916, 0.06122448979591866, 0.2857142857142856, 0.5102040816326534, 0.7346938775510203, 0.9591836734693882, 1.183673469387755, 1.408163265306122, 1.6326530612244898, 1.8571428571428568, 2.0816326530612237, 2.3061224489795915, 2.5306122448979593, 2.755102040816327, 2.979591836734693, 3.204081632653061, 3.428571428571429, 3.6530612244897966, 3.8775510204081627, 4.1020408163265305, 4.326530612244898, 4.551020408163266, 4.775510204081632, 5.0], "eps_a_2": [-6.0, -5.775510204081633, -5.551020408163265, -5.326530612244898, -5.1020408163265305, -4.877551020408164, -4.653061224489796, -4.428571428571429, -4.204081632653061, -3.979591836734694, -3.7551020408163267, -3.5306122448979593, -3.306122448979592, -3.0816326530612246, -2.857142857142857, -2.63265306122449, -2.4081632653061225, -2.183673469387755, -1.9591836734693882, -1.7346938775510203, -1.5102040816326534, -1.2857142857142856, -1.0612244897959187, -0.8367346938775508, -0.6122448979591839, -0.3877551020408161, -0.16326530612244916, 0.06122448979591866, 0.2857142857142856, 0.5102040816326534, 0.7346938775510203, 0.9591836734693882, 1.183673469387755, 1.408163265306122, 1.6326530612244898, 1.8571428571428568, 2.0816326530612237, 2.3061224489795915, 2.5306122448979593, 2.755102040816327, 2.979591836734693, 3.204081632653061, 3.428571428571429, 3.6530612244897966, 3.8775510204081627, 4.1020408163265305, 4.326530612244898, 4.551020408163266, 4.775510204081632, 5.0], "mean_error": [[1.0, 0.9998614207101818, 0.9994821358961175, 0.9981760717235109, 0.9949455183278912, 0.9885116413329933, 0.9774471642271335, 0.9601339266168167, 0.9342602490518895, 0.8964928382766825, 0.8417779482543069, 0.7647620259492822, 0.6568931493883862, 0.5078917580501344, 0.3134515864287352, 0.10499237704552225, 1.8919719684639848e-05, 0.1317821822397042, 0.4180257283187894, 0.6728085725632679, 0.8347370652211481, 0.9131817077814097, 0.9032346754909489, 0.7854174163472131, 0.2352104401319839, 0.9046488640268944, 0.9110824742978383, 0.9177438633813327, 0.9243964365991045, 0.9308754559518198, 0.9370724857189238, 0.9429204268380528, 0.948381140740605, 0.9534360430479677, 0.9580793167580783, 0.962313180101677, 0.9661446661973113, 0.9695834736793603, 0.9726405583085213, 0.9753272293906355, 0.9776545863539983, 0.979633182493165, 0.9812728390815839, 0.9825825579752483, 0.9835704978156506, 0.9842439904542305, 0.9846095820019717, 0.9846730881583926, 0.9844396570133752, 0.9839138348978063], [0.9998614207101818, 1.0, 0.9997147883841175, 0.9985778071917815, 0.9955546069130552, 0.989353587763315, 0.9785249264263991, 0.9614359578496157, 0.9357808760796734, 0.8982200219953421, 0.843728312564858, 0.766903997614133, 0.6591704810753698, 0.5101875243031738, 0.31551435373206216, 0.10633548626334931, 4.6151614654846356e-06, 0.13023399564580104, 0.4155705860444099, 0.6701773570252849, 0.8323672945757662, 0.9113758109348609, 0.9021616482438245, 0.7846562856248206, 0.23320023320367622, 0.9067088173575726, 0.913083915870763, 0.9196766859582429, 0.9262533995522271, 0.9326514214890682, 0.9387638479045045, 0.9445246904720747, 0.9498966134778388, 0.9548616114634382, 0.9594142838966947, 0.9635571477589707, 0.9672974496538412, 0.9706450399815865, 0.9736109816651928, 0.9762066590470404, 0.9784432235952181, 0.9803312643510024, 0.9818806269816607, 0.9831003300360304, 0.9839985438537271, 0.9845826089981262, 0.98485907879703, 0.9848337757771282, 0.984511855282422, 0.9838978719240896], [0.9994821358961175, 0.9997147883841175, 1.0, 0.9994056955474601, 0.997074747153475, 0.9916558600763837, 0.981642644060858, 0.9653685707370302, 0.9405254012049842, 0.9037567787423543, 0.8500424349051716, 0.7738945557318615, 0.6666406744058847, 0.5177247918823519, 0.3222535929888689, 0.11067587784485383, 2.15958512958616e-05, 0.12575611524917013, 0.40894610328073167, 0.6636614472021083, 0.8269546369249701, 0.9074064106227729, 0.8996168292049121, 0.7823291362458242, 0.22654083537855496, 0.910188111146121, 0.9164561846475173, 0.922931135007597, 0.9293822209590511, 0.9356491018950543, 0.9416266027616692, 0.947250020827098, 0.9524829674046361, 0.9573081293848222, 0.9617206088083868, 0.9657232846519124, 0.9693236618078318, 0.9725317727327062, 0.9753588065988976, 0.977816233376223, 0.9799152608410104, 0.981666513452294, 0.9830798577028138, 0.9841643230893592, 0.9849280845559065, 0.9853784835765885, 0.985522072682007, 0.9853646733778736, 0.9849114408676026, 0.9841669313170577], [0.9981760717235109, 0.9985778071917815, 0.9994056955474601, 1.0, 0.9989642357881744, 0.9950697192966722, 0.9866891581886417, 0.9720849747537307, 0.9489310916126431, 0.913838159935988, 0.8617604970458356, 0.7870701554814751, 0.6809057858492191, 0.5322884204091982, 0.33543371131786115, 0.11932831753901851, 0.00031868304515425186, 0.11727218989055209, 0.3962462435984384, 0.6511820487023159, 0.816622178523201, 0.8997626141802064, 0.8944421212118653, 0.7772320441308245, 0.21292050943644128, 0.9155490221875471, 0.9216332670176566, 0.9279131408455346, 0.9341610615684587, 0.940219221603282, 0.9459844132397102, 0.9513934280193909, 0.9564109932681236, 0.9610206176848611, 0.9652180003125684, 0.9690064473904517, 0.9723937640333004, 0.9753901885482466, 0.9780070463920287, 0.9802558930129042, 0.9821479850220309, 0.983693969754217, 0.984903718678774, 0.9857862544491449, 0.9863497379289106, 0.9866014927246749, 0.9865480523023257, 0.9861952198409474, 0.9855481343907766, 0.9846113391903842], [0.9949455183278912, 0.9955546069130552, 0.997074747153475, 0.9989642357881744, 1.0, 0.9984126737422881, 0.9925982133004307, 0.980687923510066, 0.9603133364636686, 0.9280287642956531, 0.8787313475411418, 0.806587680256133, 0.7024481454144885, 0.5546818693570928, 0.35610672230111295, 0.1333515018356843, 0.0014811279743038018, 0.10448512513512977, 0.37641806386793564, 0.6313361346986682, 0.799914130665119, 0.8870968509601098, 0.8854302999643199, 0.768040027241279, 0.19112702751123944, 0.9225159673485882, 0.9283162947104072, 0.9343003107454704, 0.9402440836055379, 0.9459927863895679, 0.9514455543643171, 0.956540969324784, 0.9612450959509268, 0.9655424221137192, 0.9694293492960014, 0.9729096758276368, 0.9759915409985002, 0.9786854000186233, 0.9810027091236774, 0.9829550921255754, 0.9845538295557139, 0.9858095618134642, 0.986732132830297, 0.9873305248416073, 0.9876128512143311, 0.9875863853228817, 0.9872576108991779, 0.9866322842751227, 0.9857155022837597, 0.9845117718258248], [0.9885116413329933, 0.989353587763315, 0.9916558600763837, 0.9950697192966722, 0.9984126737422881, 1.0, 0.9977239173861994, 0.9896610314878609, 0.9733700931988993, 0.9453164602746673, 0.9002977089746178, 0.8322083847986543, 0.731508542918117, 0.5856681244719576, 0.38552348031461314, 0.15422586120777027, 0.004584853182451848, 0.08740277947418945, 0.3484264851931966, 0.6025435964395295, 0.775101475078211, 0.8677137967835039, 0.8708983346614061, 0.7528306165989533, 0.16289551741347882, 0.93075424607563, 0.9361382247139002, 0.9416924760230077, 0.9471978728936628, 0.9525034131209191, 0.9575111864040039, 0.9621619989031398, 0.9664235515282631, 0.9702815079533119, 0.9737330923652112, 0.9767826592090063, 0.979438705227331, 0.9817118968774469, 0.9836137955209413, 0.9851560543959877, 0.9863499307432428, 0.9872060062576846, 0.9877340437401947, 0.9879429315842735, 0.9878406838387037, 0.9874344744388746, 0.9867306914861937, 0.9857350023368399, 0.9844524235255029, 0.9828873917272237], [0.9774471642271335, 0.9785249264263991, 0.981642644060858, 0.9866891581886417, 0.9925982133004307, 0.9977239173861994, 1.0, 0.9968393891826897, 0.9859464919142449, 0.9636373668885804, 0.9245853023799186, 0.8623191416103584, 0.7668266237527818, 0.6244690521323614, 0.42356441756913715, 0.1826509071329015, 0.011036010887128524, 0.06751681165612228, 0.3131967923159895, 0.5650004160345385, 0.7418014261378425, 0.8408924476792604, 0.850034250691011, 0.7306555855577919, 0.13207004742831976, 0.9386167047123398, 0.9434413315421104, 0.9484196994691142, 0.9533393606654306, 0.958054565443078, 0.9624714030533417, 0.9665336399825636, 0.9702111104998601, 0.9734909727382515, 0.9763714622414407, 0.9788575855427419, 0.9809582281086257, 0.9826842548167524, 0.9840472902207118, 0.9850589567516139, 0.9857304175567537, 0.9860721197378051, 0.9860936678394457, 0.98580378071627, 0.9852103006387556, 0.9843202340688262, 0.9831398106107234, 0.9816745513667291, 0.9799293410738255, 0.9779085004870944], [0.9601339266168167, 0.9614359578496157, 0.9653685707370302, 0.9720849747537307, 0.980687923510066, 0.9896610314878609, 0.9968393891826897, 1.0, 0.9957644526635767, 0.9808189414072871, 0.9496739668802628, 0.8953675025885403, 0.8073443801859054, 0.6706719116398164, 0.4706263396819032, 0.21990291897413067, 0.022675644336092225, 0.046433152245021814, 0.27150438385760306, 0.5186670593346925, 0.6994129956378462, 0.805703475197374, 0.8217024366386925, 0.7000030421499743, 0.10108411226196307, 0.9444005987585182, 0.9485203801007993, 0.9527778686797949, 0.9569686083088224, 0.9609530375991723, 0.964641883753679, 0.9679822821269027, 0.9709464366656191, 0.9735231112929356, 0.9757115763333236, 0.9775174540309769, 0.9789499431411479, 0.9800200074703298, 0.9807392218839118, 0.9811190592059891, 0.9811704689120212, 0.9809036466179587, 0.9803279266715489, 0.9794517528132, 0.9782826971373152, 0.9768275078023319, 0.9750921727503064, 0.9730819912259032, 0.9708016478870773, 0.9682552862826291], [0.9342602490518895, 0.9357808760796734, 0.9405254012049842, 0.9489310916126431, 0.9603133364636686, 0.9733700931988993, 0.9859464919142449, 0.9957644526635767, 1.0, 0.9942064579345966, 0.9733150660387055, 0.9297183329302242, 0.8522568678967798, 0.7245275058290139, 0.5281877509011981, 0.2685643279645996, 0.04233093006550955, 0.02582391618444694, 0.22328136853474637, 0.4622038415301644, 0.6459292070008292, 0.7598277885012557, 0.7833218242988169, 0.657853361110355, 0.0712594795899649, 0.9467703042047851, 0.9499988271406037, 0.9533493544843026, 0.9566276496871803, 0.9597017385860209, 0.9624878332591705, 0.9649369190837291, 0.9670238089355183, 0.968738952556877, 0.9700826314963235, 0.9710609942928436, 0.9716834234289142, 0.9719608294889879, 0.971904574868375, 0.9715258174573898, 0.9708351305803309, 0.9698423022471075, 0.9685562490438656, 0.9669850018658201, 0.9651357353724149, 0.9630148228279793, 0.9606279044834466, 0.957979961948465, 0.9550753938324972, 0.9519180897890982], [0.8964928382766825, 0.8982200219953421, 0.9037567787423543, 0.913838159935988, 0.9280287642956531, 0.9453164602746673, 0.9636373668885804, 0.9808189414072871, 0.9942064579345966, 1.0, 0.9920238391885732, 0.962486128452877, 0.899589073512186, 0.7853340156995172, 0.5972002915693269, 0.3313833498907333, 0.0738093858538916, 0.008781532635716668, 0.1696789282669861, 0.3949673183944007, 0.5795262349765551, 0.7007752887528695, 0.7320529749726672, 0.6011827698710194, 0.04381822663845025, 0.9427895953848933, 0.9449133016458188, 0.9471454926584905, 0.9493048957057508, 0.9512686820811008, 0.9529593631196038, 0.9543321353824654, 0.9553645102846795, 0.9560485526455693, 0.9563853920524628, 0.9563814895070581, 0.9560461727433984, 0.9553900523154741, 0.9544240332483496, 0.9531587218662678, 0.9516040908098745, 0.949769310213328, 0.9476626839464771, 0.945291650731356, 0.9426628239120678, 0.9397820529264946, 0.9366544956473519, 0.9332846947821102, 0.929676654152373, 0.9258339123840257], [0.8417779482543069, 0.843728312564858, 0.8500424349051716, 0.8617604970458356, 0.8787313475411418, 0.9002977089746178, 0.9245853023799186, 0.9496739668802628, 0.9733150660387055, 0.9920238391885732, 1.0, 0.9887999567293307, 0.9460525836374252, 0.8521417247749676, 0.6797944359976145, 0.4137212114087558, 0.12398517313327347, 8.919411179124775e-05, 0.1113049456379649, 0.3141295608005423, 0.4953589123365492, 0.6226110654779199, 0.6612502806594195, 0.5235503184799922, 0.02040084427782884, 0.9306010336202138, 0.931194715078495, 0.9318466554503609, 0.9324033660568171, 0.9327623162059697, 0.9328603696082199, 0.9326625483350212, 0.9321528476931262, 0.9313274062044442, 0.9301897208575215, 0.9287474324493392, 0.9270102369264858, 0.9249885711102745, 0.9226928161946347, 0.920132840193216, 0.9173177582007925, 0.9142558299263216, 0.9109544416592475, 0.907420138389737, 0.9036586840885742, 0.8996751362174247, 0.895473925800105, 0.8910589377944107, 0.8864335886970326, 0.8816008997111756], [0.7647620259492822, 0.766903997614133, 0.7738945557318615, 0.7870701554814751, 0.806587680256133, 0.8322083847986543, 0.8623191416103584, 0.8953675025885403, 0.9297183329302242, 0.962486128452877, 0.9887999567293307, 1.0, 0.983478971385704, 0.9182396182231974, 0.7721036469841642, 0.5162542025613409, 0.1987851644002159, 0.00851441743586083, 0.05582057755422529, 0.2243655383079448, 0.3951703293715778, 0.524869919779068, 0.5692282895614875, 0.42395278164241695, 0.004289944481276891, 0.9013083582047264, 0.9000535719557814, 0.898796457006322, 0.8974205387089144, 0.895849974507648, 0.8940402008079968, 0.8919687062250178, 0.8896275027187783, 0.8870175802215059, 0.8841450803081365, 0.8810187788161716, 0.8776484961509269, 0.8740441360245617, 0.8702151365625758, 0.866170185085481, 0.8619170972992296, 0.8574627960092822, 0.8528133476477517, 0.8479740302142658, 0.8429494162090326, 0.8377434605698817, 0.8323595877328414, 0.8268007745307729, 0.8210696272618336, 0.8151684522484748], [0.6568931493883862, 0.6591704810753698, 0.6666406744058847, 0.6809057858492191, 0.7024481454144885, 0.731508542918117, 0.7668266237527818, 0.8073443801859054, 0.8522568678967798, 0.899589073512186, 0.9460525836374252, 0.983478971385704, 1.0, 0.9741200694742568, 0.8692246540041484, 0.6411586797571553, 0.3078987707975599, 0.04672998355282273, 0.012828940665271888, 0.13003102867623514, 0.2787003131526284, 0.40392639042179823, 0.4506243807115388, 0.3031121742760471, 0.0007517922114198696, 0.8442641483278377, 0.8408308559128517, 0.8373224792078576, 0.8336718577911811, 0.8298382674314324, 0.8258011959100199, 0.8215539431893457, 0.8170984009530078, 0.8124412784232459, 0.8075915821340922, 0.802559037122965, 0.7973531601141025, 0.7919827606645174, 0.7864557116219321, 0.7807788823295787, 0.7749581655228519, 0.7689985544158898, 0.7629042432928406, 0.7566787357237356, 0.7503249513367569, 0.7438453262967983, 0.737241905200196, 0.7305164236087205, 0.7236703813061097, 0.7167051068187216], [0.5078917580501344, 0.5101875243031738, 0.5177247918823519, 0.5322884204091982, 0.5546818693570928, 0.5856681244719576, 0.6244690521323614, 0.6706719116398164, 0.7245275058290139, 0.7853340156995172, 0.8521417247749676, 0.9182396182231974, 0.9741200694742568, 1.0, 0.9569947260841861, 0.7852207975155844, 0.4625031624141551, 0.13536864614226815, 0.0019936130959936514, 0.04407321295903004, 0.15163672669084605, 0.2595891309750749, 0.3026050267150444, 0.16971365509925376, 0.02034093336816826, 0.742257835497338, 0.7364320512451829, 0.7304508527909097, 0.7243105332820365, 0.7180149091689202, 0.7115733790844648, 0.7049983823520708, 0.6983033032520541, 0.6915010686367774, 0.6846033551349823, 0.6776202346972375, 0.6705600994212099, 0.6634297467574728, 0.6562345455902496, 0.6489786339498348, 0.6416651198934614, 0.6342962704227563, 0.6268736814333057, 0.6193984264135678, 0.6118711841988108, 0.604292347384022, 0.5966621135441752, 0.5889805615322832, 0.5812477150249551, 0.5734635952791085], [0.3134515864287352, 0.31551435373206216, 0.3222535929888689, 0.33543371131786115, 0.35610672230111295, 0.38552348031461314, 0.42356441756913715, 0.4706263396819032, 0.5281877509011981, 0.5972002915693269, 0.6797944359976145, 0.7721036469841642, 0.8692246540041484, 0.9569947260841861, 1.0, 0.9270826151165238, 0.666944484410651, 0.30372332545582387, 0.06154168883407976, 4.2285747484028666e-05, 0.03809708004201042, 0.10677431759757576, 0.13684564333195987, 0.048170817601651476, 0.08262856811060028, 0.5723654642508063, 0.5644281274236618, 0.5562695676499035, 0.5479590647134605, 0.5395505487783075, 0.5310860065149596, 0.5225977565557975, 0.5141102201482115, 0.5056414144015778, 0.4972042339118243, 0.4888075384965183, 0.48045705899486696, 0.4721561378176391, 0.46390632516970515, 0.4557078532756952, 0.4475600100048322, 0.43946143102232343, 0.4314103268063808, 0.4234046580692303, 0.41544227056936095, 0.40752099810547393, 0.39963874065594057, 0.391793523142852, 0.383983539111129, 0.3762071826712033], [0.10499237704552225, 0.10633548626334931, 0.11067587784485383, 0.11932831753901851, 0.1333515018356843, 0.15422586120777027, 0.1826509071329015, 0.21990291897413067, 0.2685643279645996, 0.3313833498907333, 0.4137212114087558, 0.5162542025613409, 0.6411586797571553, 0.7852207975155844, 0.9270826151165238, 1.0, 0.8873882426797993, 0.5702668476130979, 0.24856214527643905, 0.06787466991460776, 0.005182976222573632, 0.0043080421601198165, 0.011628408840604957, 0.0018293546868447597, 0.21338327313152072, 0.32644716349228375, 0.31803591121617475, 0.3094134210892719, 0.30070600293989486, 0.29200442059084947, 0.28337231443593836, 0.27485302025974556, 0.2664749317698468, 0.25825561411397746, 0.25020489810158103, 0.24232717382079194, 0.234623072545308, 0.22709069010788963, 0.21972647093435616, 0.2125258430282498, 0.20548367112878974, 0.19859457755089904, 0.19185316693420282, 0.18525418131453597, 0.17879260474421121, 0.1724637314488001, 0.16626320769859207, 0.16018705480387552, 0.15423167862930862, 0.14839386955611927], [1.8919719684639848e-05, 4.6151614654846356e-06, 2.15958512958616e-05, 0.00031868304515425186, 0.0014811279743038018, 0.004584853182451848, 0.011036010887128524, 0.022675644336092225, 0.04233093006550955, 0.0738093858538916, 0.12398517313327347, 0.1987851644002159, 0.3078987707975599, 0.4625031624141551, 0.666944484410651, 0.8873882426797993, 1.0, 0.8670825441782881, 0.5770827176121416, 0.32184337918109934, 0.15906150731989432, 0.07222872664188655, 0.052866013357120545, 0.13095745954429616, 0.4071853381593864, 0.0789982692943059, 0.07384107748269995, 0.0686508520212022, 0.06353620701805182, 0.05856988768684905, 0.05379797802655124, 0.049247507807447556, 0.04493232049702761, 0.04085739609608308, 0.03702193669049967, 0.03342151974486786, 0.030049574883636, 0.02689838130562828, 0.023959730741971986, 0.021225359502731998, 0.018687222348373136, 0.01633765875585584, 0.014169486519122051, 0.01217604673006248, 0.010351216642343553, 0.008689401713694174, 0.007185514533575084, 0.00583494587084797, 0.004633531373084536, 0.003577516276524842], [0.1317821822397042, 0.13023399564580104, 0.12575611524917013, 0.11727218989055209, 0.10448512513512977, 0.08740277947418945, 0.06751681165612228, 0.046433152245021814, 0.02582391618444694, 0.008781532635716668, 8.919411179124775e-05, 0.00851441743586083, 0.04672998355282273, 0.13536864614226815, 0.30372332545582387, 0.5702668476130979, 0.8670825441782881, 1.0, 0.8916765476306088, 0.6849623042547149, 0.4953401252240938, 0.35969946327213925, 0.31988437351472476, 0.4350750576228332, 0.5686348976704944, 0.0054408100199273045, 0.007045848423508205, 0.008945223276525463, 0.011121802197918864, 0.013554555179870762, 0.016221161450634063, 0.019099776316851783, 0.022170058948083656, 0.0254136640804522, 0.028814388313764264, 0.032358114430606114, 0.03603264995184405, 0.03982751975461444, 0.04373374765697889, 0.04774364594600142, 0.051850622133184185, 0.05604900656974669, 0.060333901413035955, 0.06470104980424847, 0.0691467233687498, 0.07366762589987111, 0.0782608111055025, 0.08292361244947269, 0.087653583329527, 0.09244844605803079], [0.4180257283187894, 0.4155705860444099, 0.40894610328073167, 0.3962462435984384, 0.37641806386793564, 0.3484264851931966, 0.3131967923159895, 0.27150438385760306, 0.22328136853474637, 0.1696789282669861, 0.1113049456379649, 0.05582057755422529, 0.012828940665271888, 0.0019936130959936514, 0.06154168883407976, 0.24856214527643905, 0.5770827176121416, 0.8916765476306088, 1.0, 0.933345399945798, 0.8062941965194688, 0.687196267072284, 0.6406049630419386, 0.7230713899901785, 0.6049974621132629, 0.15114248333034197, 0.15877934530967985, 0.16698316520627288, 0.17558171584530372, 0.18444298258888295, 0.1934680171464692, 0.20258393511532174, 0.21173780369868272, 0.22089166374005018, 0.23001864502230715, 0.23910001312103285, 0.24812295930316347, 0.2570789611271529, 0.265962571906836, 0.27477052855098244, 0.2835010943112494, 0.2921535744582174, 0.30072795927880436, 0.3092246609741008, 0.31764431998939047, 0.3259876628435458, 0.3342553982845118, 0.3424481420647, 0.3505663631605864, 0.35861034611316905], [0.6728085725632679, 0.6701773570252849, 0.6636614472021083, 0.6511820487023159, 0.6313361346986682, 0.6025435964395295, 0.5650004160345385, 0.5186670593346925, 0.4622038415301644, 0.3949673183944007, 0.3141295608005423, 0.2243655383079448, 0.13003102867623514, 0.04407321295903004, 4.2285747484028666e-05, 0.06787466991460776, 0.32184337918109934, 0.6849623042547149, 0.933345399945798, 1.0, 0.9622908639362604, 0.8912936155079701, 0.8478133834930006, 0.8720673344513973, 0.5506311347314542, 0.3701186516586138, 0.3805573603420611, 0.3916665193597345, 0.40317412222865057, 0.414879040624778, 0.4266369004014792, 0.4383466746258305, 0.44993938094889, 0.46136919277979477, 0.4726067400511085, 0.48363419147341274, 0.4944417026999929, 0.505024876479893, 0.5153829577829597, 0.5255175567338762, 0.5354317483604474, 0.5451294406674495, 0.554614933668061, 0.5638926143754897, 0.5729667486817731, 0.5818413423355502, 0.5905200512181713, 0.5990061267763003, 0.6073023864868935, 0.6154112020914506], [0.8347370652211481, 0.8323672945757662, 0.8269546369249701, 0.816622178523201, 0.799914130665119, 0.775101475078211, 0.7418014261378425, 0.6994129956378462, 0.6459292070008292, 0.5795262349765551, 0.4953589123365492, 0.3951703293715778, 0.2787003131526284, 0.15163672669084605, 0.03809708004201042, 0.005182976222573632, 0.15906150731989432, 0.4953401252240938, 0.8062941965194688, 0.9622908639362604, 1.0, 0.9763791293794892, 0.9382368665987773, 0.9101129267299337, 0.4694486007713855, 0.555710065656523, 0.5665711642221007, 0.5780958699271748, 0.5899695452422906, 0.6019631645978348, 0.6139157040559854, 0.6257174538583304, 0.6372960733451788, 0.6486057525451081, 0.6596191534288796, 0.670321581686328, 0.6807068451333957, 0.6907743443006472, 0.7005270451471967, 0.7099700759139931, 0.719109762690165, 0.7279529722865243, 0.7365066699910809, 0.7447776274239974, 0.7527722351302932, 0.7604963881342289, 0.7679554221712097, 0.7751540849494214, 0.7820965314417044, 0.7887863354718345], [0.9131817077814097, 0.9113758109348609, 0.9074064106227729, 0.8997626141802064, 0.8870968509601098, 0.8677137967835039, 0.8408924476792604, 0.805703475197374, 0.7598277885012557, 0.7007752887528695, 0.6226110654779199, 0.524869919779068, 0.40392639042179823, 0.2595891309750749, 0.10677431759757576, 0.0043080421601198165, 0.07222872664188655, 0.35969946327213925, 0.687196267072284, 0.8912936155079701, 0.9763791293794892, 1.0, 0.9625040349110339, 0.8899616273889148, 0.3891699976605604, 0.6734850015289788, 0.6837819164151651, 0.6947089446012605, 0.7059386930474378, 0.7172351549319851, 0.7284344983054437, 0.7394269386942233, 0.7501416881219816, 0.7605353450043778, 0.7705833332039156, 0.7802737666212521, 0.7896031324748407, 0.7985732920635001, 0.8071894165963824, 0.8154585786805223, 0.823388800297747, 0.8309884172798373, 0.8382656626335812, 0.8452284008561674, 0.8518839661484858, 0.8582390718494234, 0.8642997684071384, 0.8700714341337648, 0.8755587878034714, 0.8807659155035759], [0.9032346754909489, 0.9021616482438245, 0.8996168292049121, 0.8944421212118653, 0.8854302999643199, 0.8708983346614061, 0.850034250691011, 0.8217024366386925, 0.7833218242988169, 0.7320529749726672, 0.6612502806594195, 0.5692282895614875, 0.4506243807115388, 0.3026050267150444, 0.13684564333195987, 0.011628408840604957, 0.052866013357120545, 0.31988437351472476, 0.6406049630419386, 0.8478133834930006, 0.9382368665987773, 0.9625040349110339, 1.0, 0.8694150902352666, 0.324259500082489, 0.6806728405230943, 0.6906187757574607, 0.7011604478075721, 0.711977489983943, 0.7228400177965635, 0.733589271195986, 0.744119543618098, 0.7543632674071022, 0.7642795568351477, 0.773845788776402, 0.7830515875809086, 0.7918946061327179, 0.8003776042382027, 0.8085064453134031, 0.8162887352947225, 0.8237329074912372, 0.8308476157396472, 0.8376413400703256, 0.8441221384660698, 0.8502974987299914, 0.8561742586356204, 0.8617585723264267, 0.8670559077106534, 0.8720710642955042, 0.8768082041666875], [0.7854174163472131, 0.7846562856248206, 0.7823291362458242, 0.7772320441308245, 0.768040027241279, 0.7528306165989533, 0.7306555855577919, 0.7000030421499743, 0.657853361110355, 0.6011827698710194, 0.5235503184799922, 0.42395278164241695, 0.3031121742760471, 0.16971365509925376, 0.048170817601651476, 0.0018293546868447597, 0.13095745954429616, 0.4350750576228332, 0.7230713899901785, 0.8720673344513973, 0.9101129267299337, 0.8899616273889148, 0.8694150902352666, 1.0, 0.32306296625510283, 0.5399740854389153, 0.5499059894948105, 0.5603419149783961, 0.5710113442532487, 0.5817190873801703, 0.592329434158849, 0.6027513022174522, 0.6129259088263675, 0.6228172392927669, 0.632404993960936, 0.6416795123260614, 0.6506381852123663, 0.6592829495475251, 0.6676185550247852, 0.6756513746098392, 0.6833885955886775, 0.69083767583472, 0.6980059844702822, 0.7049005704805636, 0.7115280199161391, 0.7178943742295884, 0.7240050905867125, 0.7298650307727246, 0.7354784693478075, 0.7408491145277074], [0.2352104401319839, 0.23320023320367622, 0.22654083537855496, 0.21292050943644128, 0.19112702751123944, 0.16289551741347882, 0.13207004742831976, 0.10108411226196307, 0.0712594795899649, 0.04381822663845025, 0.02040084427782884, 0.004289944481276891, 0.0007517922114198696, 0.02034093336816826, 0.08262856811060028, 0.21338327313152072, 0.4071853381593864, 0.5686348976704944, 0.6049974621132629, 0.5506311347314542, 0.4694486007713855, 0.3891699976605604, 0.324259500082489, 0.32306296625510283, 1.0, 0.08835426196171434, 0.09226763101515618, 0.0963747883674697, 0.10060612509093238, 0.1049083924399958, 0.10924192232598552, 0.11357777561497372, 0.1178952107490977, 0.12217961078174897, 0.126420865278596, 0.13061214330042797, 0.13474897885236597, 0.13882859595079128, 0.14284941318820993, 0.14681068102264577, 0.15071221656358916, 0.15455420979610585, 0.15833708215012024, 0.16206138348509172, 0.16572771733713665, 0.16933668702040675, 0.17288885716448113, 0.17638472671272962, 0.1798247104553412, 0.18320912693516123], [0.9046488640268944, 0.9067088173575726, 0.910188111146121, 0.9155490221875471, 0.9225159673485882, 0.93075424607563, 0.9386167047123398, 0.9444005987585182, 0.9467703042047851, 0.9427895953848933, 0.9306010336202138, 0.9013083582047264, 0.8442641483278377, 0.742257835497338, 0.5723654642508063, 0.32644716349228375, 0.0789982692943059, 0.0054408100199273045, 0.15114248333034197, 0.3701186516586138, 0.555710065656523, 0.6734850015289788, 0.6806728405230943, 0.5399740854389153, 0.08835426196171434, 1.0, 0.9998710955426262, 0.9994372835462589, 0.9986477651713457, 0.9974757343573796, 0.9959128230136884, 0.9939631400911638, 0.9916383205102952, 0.9889539167266261, 0.9859269868045618, 0.9825745937930905, 0.9789129416189989, 0.9749569307459186, 0.9707199783138517, 0.9662139976214361, 0.9614494684333768, 0.9564355547827164, 0.9511802436346587, 0.9456904885700933, 0.9399723494829699, 0.9340311235356427, 0.9278714652032484, 0.9214974947699512, 0.9149128955101772, 0.9081210002491916], [0.9110824742978383, 0.913083915870763, 0.9164561846475173, 0.9216332670176566, 0.9283162947104072, 0.9361382247139002, 0.9434413315421104, 0.9485203801007993, 0.9499988271406037, 0.9449133016458188, 0.931194715078495, 0.9000535719557814, 0.8408308559128517, 0.7364320512451829, 0.5644281274236618, 0.31803591121617475, 0.07384107748269995, 0.007045848423508205, 0.15877934530967985, 0.3805573603420611, 0.5665711642221007, 0.6837819164151651, 0.6906187757574607, 0.5499059894948105, 0.09226763101515618, 0.9998710955426262, 1.0, 0.9998464903453779, 0.9993511858621569, 0.9984809303148058, 0.9972227983954126, 0.9955777116182053, 0.9935551288062722, 0.9911691556140106, 0.988435920326831, 0.9853719177887814, 0.9819930333694613, 0.9783140188712321, 0.9743482562174413, 0.9701076971604021, 0.9656029056759335, 0.9608431562641988, 0.9558365590713929, 0.9505901942533992, 0.9451102453463601, 0.939402126017624, 0.9334705974105802, 0.9273198750071903, 0.9209537249286021, 0.9143755501451444], [0.9177438633813327, 0.9196766859582429, 0.922931135007597, 0.9279131408455346, 0.9343003107454704, 0.9416924760230077, 0.9484196994691142, 0.9527778686797949, 0.9533493544843026, 0.9471454926584905, 0.9318466554503609, 0.898796457006322, 0.8373224792078576, 0.7304508527909097, 0.5562695676499035, 0.3094134210892719, 0.0686508520212022, 0.008945223276525463, 0.16698316520627288, 0.3916665193597345, 0.5780958699271748, 0.6947089446012605, 0.7011604478075721, 0.5603419149783961, 0.0963747883674697, 0.9994372835462589, 0.9998464903453779, 1.0, 0.9998285736294076, 0.9992917314846907, 0.9983712728029878, 0.9970644141235504, 0.9953780719286015, 0.9933246498010039, 0.990919170934938, 0.9881774435728911, 0.9851149562744806, 0.981746262008898, 0.9780846767733159, 0.974142173390666, 0.9699293916308559, 0.9654557139152049, 0.9607293747021324, 0.9557575839793754, 0.9505466532146849, 0.9451021171373781, 0.9394288478537716, 0.9335311597150783, 0.9274129044980434, 0.921077557112469], [0.9243964365991045, 0.9262533995522271, 0.9293822209590511, 0.9341610615684587, 0.9402440836055379, 0.9471978728936628, 0.9533393606654306, 0.9569686083088224, 0.9566276496871803, 0.9493048957057508, 0.9324033660568171, 0.8974205387089144, 0.8336718577911811, 0.7243105332820365, 0.5479590647134605, 0.30070600293989486, 0.06353620701805182, 0.011121802197918864, 0.17558171584530372, 0.40317412222865057, 0.5899695452422906, 0.7059386930474378, 0.711977489983943, 0.5710113442532487, 0.10060612509093238, 0.9986477651713457, 0.9993511858621569, 0.9998285736294076, 1.0, 0.9998170210193422, 0.9992556825861398, 0.9983091478432139, 0.9969815410266555, 0.9952833866592261, 0.9932284788808872, 0.9908318534897653, 0.9881085435776824, 0.9850728638816456, 0.9817380386242361, 0.9781160453027514, 0.974217589597556, 0.9700521563719122, 0.9656281018094789, 0.9609527649506489, 0.9560325854466041, 0.9508732198165823, 0.9454796519395702, 0.9398562956496295, 0.9340070886033779, 0.9279355773536332], [0.9308754559518198, 0.9326514214890682, 0.9356491018950543, 0.940219221603282, 0.9459927863895679, 0.9525034131209191, 0.958054565443078, 0.9609530375991723, 0.9597017385860209, 0.9512686820811008, 0.9327623162059697, 0.895849974507648, 0.8298382674314324, 0.7180149091689202, 0.5395505487783075, 0.29200442059084947, 0.05856988768684905, 0.013554555179870762, 0.18444298258888295, 0.414879040624778, 0.6019631645978348, 0.7172351549319851, 0.7228400177965635, 0.5817190873801703, 0.1049083924399958, 0.9974757343573796, 0.9984809303148058, 0.9992917314846907, 0.9998170210193422, 1.0, 0.9998106644375986, 0.9992379037422306, 0.9982828884688975, 0.9969541469028455, 0.9952641596370051, 0.9932271294175452, 0.9908575906025459, 0.9881695889659878, 0.9851762352513015, 0.9818894963963719, 0.9783201333677894, 0.9744777260986359, 0.9703707473856689, 0.9660066617430767, 0.9613920344264384, 0.9565326417735871, 0.9514335777840723, 0.9460993542299194, 0.9405339930544464, 0.9347411106986523], [0.9370724857189238, 0.9387638479045045, 0.9416266027616692, 0.9459844132397102, 0.9514455543643171, 0.9575111864040039, 0.9624714030533417, 0.964641883753679, 0.9624878332591705, 0.9529593631196038, 0.9328603696082199, 0.8940402008079968, 0.8258011959100199, 0.7115733790844648, 0.5310860065149596, 0.28337231443593836, 0.05379797802655124, 0.016221161450634063, 0.1934680171464692, 0.4266369004014792, 0.6139157040559854, 0.7284344983054437, 0.733589271195986, 0.592329434158849, 0.10924192232598552, 0.9959128230136884, 0.9972227983954126, 0.9983712728029878, 0.9992556825861398, 0.9998106644375986, 1.0, 0.9998081782665049, 0.999233319644126, 0.9982818831545025, 0.9969649806831267, 0.9952959402468086, 0.9932887659168965, 0.9909572105372734, 0.9883142530849971, 0.9853718359027736, 0.9821407643877583, 0.978630705061393, 0.9748502406177161, 0.9708069556327336, 0.9665075365061546, 0.9619578756158299, 0.9571631737769498, 0.9521280377070293, 0.9468565708306511, 0.9413524567605286], [0.9429204268380528, 0.9445246904720747, 0.947250020827098, 0.9513934280193909, 0.956540969324784, 0.9621619989031398, 0.9665336399825636, 0.9679822821269027, 0.9649369190837291, 0.9543321353824654, 0.9326625483350212, 0.8919687062250178, 0.8215539431893457, 0.7049983823520708, 0.5225977565557975, 0.27485302025974556, 0.049247507807447556, 0.019099776316851783, 0.20258393511532174, 0.4383466746258305, 0.6257174538583304, 0.7394269386942233, 0.744119543618098, 0.6027513022174522, 0.11357777561497372, 0.9939631400911638, 0.9955777116182053, 0.9970644141235504, 0.9983091478432139, 0.9992379037422306, 0.9998081782665049, 1.0, 0.9998083892267224, 0.999237694463051, 0.9982976250069981, 0.9970006063497696, 0.9953600894502683, 0.993389515431823, 0.9911017159798702, 0.9885085959548492, 0.9856209944274964, 0.9824486554697576, 0.9790002640213841, 0.9752835181847221, 0.9713052198639959, 0.9670713725530853, 0.9625872795261625, 0.9578576385343092, 0.9528866309142527, 0.9476780041389213], [0.948381140740605, 0.9498966134778388, 0.9524829674046361, 0.9564109932681236, 0.9612450959509268, 0.9664235515282631, 0.9702111104998601, 0.9709464366656191, 0.9670238089355183, 0.9553645102846795, 0.9321528476931262, 0.8896275027187783, 0.8170984009530078, 0.6983033032520541, 0.5141102201482115, 0.2664749317698468, 0.04493232049702761, 0.022170058948083656, 0.21173780369868272, 0.44993938094889, 0.6372960733451788, 0.7501416881219816, 0.7543632674071022, 0.6129259088263675, 0.1178952107490977, 0.9916383205102952, 0.9935551288062722, 0.9953780719286015, 0.9969815410266555, 0.9982828884688975, 0.999233319644126, 0.9998083892267224, 1.0, 0.9998103711775347, 0.9992477907548772, 0.9983237639176159, 0.9970511720993391, 0.9954431298287494, 0.993512308181382, 0.991270562702971, 0.9887287556764276, 0.9858966994997523, 0.9827831732325414, 0.9793959813419131, 0.9757420349135355, 0.9718274429573893, 0.9676576062254295, 0.9632373090461214, 0.9585708066534551, 0.953661906732438], [0.9534360430479677, 0.9548616114634382, 0.9573081293848222, 0.9610206176848611, 0.9655424221137192, 0.9702815079533119, 0.9734909727382515, 0.9735231112929356, 0.968738952556877, 0.9560485526455693, 0.9313274062044442, 0.8870175802215059, 0.8124412784232459, 0.6915010686367774, 0.5056414144015778, 0.25825561411397746, 0.04085739609608308, 0.0254136640804522, 0.22089166374005018, 0.46136919277979477, 0.6486057525451081, 0.7605353450043778, 0.7642795568351477, 0.6228172392927669, 0.12217961078174897, 0.9889539167266261, 0.9911691556140106, 0.9933246498010039, 0.9952833866592261, 0.9969541469028455, 0.9982818831545025, 0.999237694463051, 0.9998103711775347, 1.0, 0.9998134395596286, 0.9992612640966831, 0.9983557737752776, 0.9971097445998539, 0.9955356754714868, 0.9936453617311085, 0.9914496788125667, 0.9889584982640447, 0.986180684970874, 0.9831241423132683, 0.9797958838899451, 0.9762021182728436, 0.9723483383792892, 0.9682394103722145, 0.9638796591397851, 0.9592729487699547], [0.9580793167580783, 0.9594142838966947, 0.9617206088083868, 0.9652180003125684, 0.9694293492960014, 0.9737330923652112, 0.9763714622414407, 0.9757115763333236, 0.9700826314963235, 0.9563853920524628, 0.9301897208575215, 0.8841450803081365, 0.8075915821340922, 0.6846033551349823, 0.4972042339118243, 0.25020489810158103, 0.03702193669049967, 0.028814388313764264, 0.23001864502230715, 0.4726067400511085, 0.6596191534288796, 0.7705833332039156, 0.773845788776402, 0.632404993960936, 0.126420865278596, 0.9859269868045618, 0.988435920326831, 0.990919170934938, 0.9932284788808872, 0.9952641596370051, 0.9969649806831267, 0.9982976250069981, 0.9992477907548772, 0.9998134395596286, 1.0, 0.9998171097694006, 0.9992764793952512, 0.9983905366356759, 0.9971715980440045, 0.9956313886938697, 0.9937807875530359, 0.9916297163336195, 0.9891871174792913, 0.9864609857608893, 0.9834584304998129, 0.9801857537354984, 0.9766485351025123, 0.9728517177401428, 0.96879969186376, 0.9644963741096035], [0.962313180101677, 0.9635571477589707, 0.9657232846519124, 0.9690064473904517, 0.9729096758276368, 0.9767826592090063, 0.9788575855427419, 0.9775174540309769, 0.9710609942928436, 0.9563814895070581, 0.9287474324493392, 0.8810187788161716, 0.802559037122965, 0.6776202346972375, 0.4888075384965183, 0.24232717382079194, 0.03342151974486786, 0.032358114430606114, 0.23910001312103285, 0.48363419147341274, 0.670321581686328, 0.7802737666212521, 0.7830515875809086, 0.6416795123260614, 0.13061214330042797, 0.9825745937930905, 0.9853719177887814, 0.9881774435728911, 0.9908318534897653, 0.9932271294175452, 0.9952959402468086, 0.9970006063497696, 0.9983237639176159, 0.9992612640966831, 0.9998171097694006, 1.0, 0.9998210497422072, 0.9992923304400753, 0.9984259672308387, 0.9972336055772186, 0.9957261188145142, 0.9939134700997008, 0.9918046713123894, 0.9894078011584813, 0.9867300579124156, 0.9837778309841052, 0.9805567812678656, 0.9770719240167797, 0.9733277104551848, 0.9693281059406803], [0.9661446661973113, 0.9672974496538412, 0.9693236618078318, 0.9723937640333004, 0.9759915409985002, 0.979438705227331, 0.9809582281086257, 0.9789499431411479, 0.9716834234289142, 0.9560461727433984, 0.9270102369264858, 0.8776484961509269, 0.7973531601141025, 0.6705600994212099, 0.48045705899486696, 0.234623072545308, 0.030049574883636, 0.03603264995184405, 0.24812295930316347, 0.4944417026999929, 0.6807068451333957, 0.7896031324748407, 0.7918946061327179, 0.6506381852123663, 0.13474897885236597, 0.9789129416189989, 0.9819930333694613, 0.9851149562744806, 0.9881085435776824, 0.9908575906025459, 0.9932887659168965, 0.9953600894502683, 0.9970511720993391, 0.9983557737752776, 0.9992764793952512, 0.9998210497422072, 1.0, 0.9998250384719004, 0.9993080906907097, 0.9984607137850174, 0.9972937667260529, 0.9958172456999279, 0.9940402241113873, 0.9919708572948785, 0.9896164258162025, 0.9869834004414502, 0.984077517936395, 0.9809038608696689, 0.9774669372221525, 0.9737707573177893], [0.9695834736793603, 0.9706450399815865, 0.9725317727327062, 0.9753901885482466, 0.9786854000186233, 0.9817118968774469, 0.9826842548167524, 0.9800200074703298, 0.9719608294889879, 0.9553900523154741, 0.9249885711102745, 0.8740441360245617, 0.7919827606645174, 0.6634297467574728, 0.4721561378176391, 0.22709069010788963, 0.02689838130562828, 0.03982751975461444, 0.2570789611271529, 0.505024876479893, 0.6907743443006472, 0.7985732920635001, 0.8003776042382027, 0.6592829495475251, 0.13882859595079128, 0.9749569307459186, 0.9783140188712321, 0.981746262008898, 0.9850728638816456, 0.9881695889659878, 0.9909572105372734, 0.993389515431823, 0.9954431298287494, 0.9971097445998539, 0.9983905366356759, 0.9992923304400753, 0.9998250384719004, 1.0, 0.9998289334682677, 0.9993232994813696, 0.9984939343217388, 0.9973508591021207, 0.9959032010858472, 0.9941591851233592, 0.9921261675679472, 0.989810694660049, 0.9872185737639475, 0.9843549500701718, 0.9812243841624337, 0.9778309276726816], [0.9726405583085213, 0.9736109816651928, 0.9753588065988976, 0.9780070463920287, 0.9810027091236774, 0.9836137955209413, 0.9840472902207118, 0.9807392218839118, 0.971904574868375, 0.9544240332483496, 0.9226928161946347, 0.8702151365625758, 0.7