---
C : -243.79974869767233
O : -562.3417564930859